14
88
49
38
24
21
21
20
19
17
15
12
12
11
65
22
13
13
12
11
101
90
68
47
36
23
19
13
11
11
11
53
47
12
30
17
188
94
49
42
35
35
32
28
25
24
23
19
15
14
13
12
12
12
10
10
71
70
63
55
49
36
30
26
22
19
16
12
265
93
78
30
29
25
19
19
18
13
12
12
108
100
93
78
76
62
59
48
41
31
29
29
24
20
20
19
18
17
14
13
13
10
10
179
55
52
45
44
38
36
27
26
26
25
21
20
19
19
18
16
16
15
14
14
13
12
11
11
11
233
146
112
94
90
88
81
76
75
73
62
59
59
59
58
54
52
51
48
46
44
42
41
39
36
36
35
33
33
31
24
22
22
21
21
20
20
20
20
19
19
17
17
16
16
16
15
14
13
13
13
13
12
12
11
10
10
10
179
153
114
105
96
86
69
58
53
52
45
35
27
26
25
22
22
18
18
18
17
17
17
16
15
15
14
14
12
12
12
11
11
15
81
43
35
26
24
21
19
19
18
18
15
14
14
13
13
13
13
11
11
67
67
63
48
48
44
41
38
33
28
28
25
21
20
20
18
17
17
14
13
11
11
10
10
98
82
53
52
52
51
48
28
26
22
21
21
19
17
11
10
56
51
41
34
26
25
22
22
21
21
18
14
12
11
10
139
113
82
53
51
47
45
41
41
38
37
37
36
34
33
31
31
31
28
27
27
26
24
20
20
19
19
18
17
16
14
13
11
10