0.43
0.51
0.45
0.38
0.42
0.34
0.46
0.48
0.45
0.39
0.63
0.59
0.25
0.43
0.39
0.35
0.41
0.27
0.25
0.31
0.36
0.39
0.25
0.35
0.39
0.37
0.16
0.29
0.25
0.36
0.36
0.6
0.4
0.46
0.52
0.28
0.27
0.34
0.32
0.2
0.33
0.36
0.33
0.27
0.35
0.31
0.24
0.43
0.38
0.27
0.4
0.35
0.49
0.23
0.4
0.31
0.33
0.29
0.26
0.32
0.28
0.38
0.28
0.23
0.3
0.24
0.37
0.22
0.26
0.33
0.31
0.2
0.2
0.15
0.2
0.24
0.11
0.19
0.2
0.31
0.29
0.38
0.38
0.25
0.32
0.41
0.25
0.3
0.32
0.34
0.23
0.27
0.37
0.31
0.23
0.42
0.42
0.47
0.34
0.48
0.3
0.55
0.26
0.27
0.29
0.25
0.33
0.3
0.28
0.39
0.26
0.37
0.26
0.3
0.19
0.17
0.28
0.17
0.23
0.4
0.21
0.23
0.24
0.21
0.32
0.48
0.23
0.25
0.32
0.48
0.41
0.3
0.28
0.25
0.38
0.32
0.3
0.46
0.33
0.47
0.33
0.42
0.38
0.29
0.3
0.44
0.34
0.4
0.33
0.38
0.34
0.5
0.26
0.41
0.33
0.48
0.32
0.15
0.34
0.43
0.54
0.34
0.32
0.3
0.19
0.38
0.43
0.43
0.2
0.44
0.15
0.34
0.23
0.35
0.47
0.45
0.21
0.31
0.32
0.4
0.37
0.42
0.36
0.34
0.38
0.35
0.36
0.41
0.27
0.3
0.31
0.43
0.38
0.31
0.37
0.38
0.45
0.32
0.5
0.49
0.43
0.35
0.34
0.32
0.33
0.17
0.29
0.36
0.32
0.28
0.42
0.31
0.27
0.24
0.24
0.38
0.22
0.43
0.28
0.39
0.26
0.33
0.26
0.42
0.37
0.52
0.4
0.28
0.33
0.2
0.18
0.46
0.3
0.35
0.38
0.24
0.34
0.33
0.42
0.32
0.3
0.35
0.33
0.43
0.38
0.4
0.33
0.33
0.25
0.32
0.41
0.25
0.28
0.19
0.36
0.43
0.63
0.42
0.39
0.49
0.35
0.32
0.38
0.35
0.49
0.34
0.33
0.36
0.27
0.3
0.29
0.38
0.37
0.38
0.3
0.41
0.29
0.22
0.29
0.41
0.22
0.31
0.37
0.34
0.41
0.39
0.54
0.34
0.35
0.46
0.34
0.23
0.41
0.28
0.36
0.28
0.3
0.41
0.43
0.38
0.45
0.44
0.29
0.52
0.21
0.3
0.25
0.31
0.25
0.31
0.48
0.3
0.33
0.27
0.42
0.46
0.24
0.3
0.26
0.4
0.42
0.39
0.35
0.23
0.4
0.25
0.29
0.34
0.45