49
47
47
45
43
36
36
33
31
30
30
28
27
27
26
25
25
25
24
24
23
22
22
22
22
21
21
20
20
18
17
17
17
17
17
17
16
16
15
15
15
14
14
13
13
13
13
13
13
12
12
12
12
12
11
11
11
11
11
11
10
10
10
10
10
10
24
12
13
11
10
10
37
19
17
17
15
14
12
11
10
13
11
11
107
77
66
64
56
54
54
47
47
47
46
44
44
44
42
41
40
40
40
39
38
38
38
37
37
36
36
34
33
33
32
32
31
29
29
28
28
27
27
27
27
26
26
25
25
25
24
24
24
24
24
24
23
23
22
21
21
21
21
21
21
20
20
20
19
19
19
19
19
19
19
19
19
18
18
18
18
17
17
17
17
17
17
17
17
16
16
16
16
16
16
16
15
15
15
15
15
15
14
14
14
14
14
13
13
13
13
13
13
13
13
13
13
13
12
12
12
12
12
12
12
11
11
11
11
11
11
11
11
11
11
11
10
10
10
10
10
14
12
23
93
89
86
76
62
52
49
45
42
40
40
38
38
34
33
30
28
22
22
21
21
21
21
20
19
19
18
16
16
16
15
14
12
12
11
10
10
10
157
129
123
118
106
106
104
93
93
87
85
73
71
70
70
69
69
68
67
66
64
61
59
58
56
53
53
52
51
50
48
48
47
47
47
46
43
43
41
40
40
39
38
38
37
37
37
37
37
35
35
35
34
34
33
32
32
31
29
29
28
27
27
27
27
25
24
24
24
23
22
22
22
22
21
21
21
21
20
20
19
19
19
18
18
18
18
17
17
17
17
15
15
13
13
13
13
12
11
11
10
10
10
171
122
113
107
86
83
78
75
75
74
68
66
60
60
51
51
51
45
44
44
44
43
43
42
42
42
41
40
40
39
38
38
37
35
35
34
33
33
33
32
31
31
31
31
30
30
30
29
29
29
29
29
28
28
28
28
28
27
27
27
26
26
26
26
26
26
26
26
25
24
24
23
23
23
23
23
23
22
22
22
21
21
21
20
20
19
19
19
19
19
19
19
19
19
19
19
18
18
18
18
18
17
17
17
17
17
16
16
16
16
16
15
15
15
15
15
15
14
14
14
14
14
14
14
14
13
13
13
13
13
13
12
12
12
12
12
12
12
11
11
11
11
10
10
77
50
46
43
42
39
39
38
36
35
34
31
31
31
31
31
28
28
28
28
27
26
26
24
24
23
22
21
21
21
20
20
20
19
18
17
17
17
17
17
16
16
16
16
15
14
14
14
12
11
11
11
11
11
10
10
77
57
53
44
43
40
37
37
35
34
34
34
33
32
31
31
30
29
29
29
27
27
27
27
26
25
24
24
23
23
22
22
22
21
21
21
19
19
19
18
18
17
17
17
17
16
16
15
14
13
13
12
12
11
11
10
130
112
110
95
93
74
73
66
63
61
61
59
58
54
52
50
49
49
48
48
46
42
39
38
38
38
37
36
36
35
35
34
33
32
32
32
30
27
27
26
25
24
24
23
22
21
20
20
19
19
17
17
16
15
15
15
14
14
14
13
12
12
12
10
10
10
10
142
87
78
55
50
49
38
36
34
31
28
27
26
26
22
22
21
21
20
18
18
17
16
14
14
14
13
12
12
11
11
11
11
10
10
10
155
66
66
52
50
50
47
47
47
44
44
41
38
38
37
37
36
35
34
34
33
32
32
31
31
30
30
29
27
25
25
25
24
23
23
23
22
22
22
22
21
21
21
21
21
20
20
20
20
20
19
19
19
18
18
18
18
18
18
17
16
16
16
15
15
15
14
14
14
13
13
13
12
12
12
11
11
11
11
11
11
11
11
10
10
10
10
10
10
10
10
10