0.3
0.41
0.33
0.24
0.3
0.36
0.2
0.37
0.29
0.27
0.33
0.33
0.34
0.33
0.24
0.43
0.31
0.38
0.37
0.21
0.34
0.27
0.3
0.4
0.31
0.31
0.28
0.37
0.3
0.29
0.46
0.22
0.31
0.31
0.3
0.39
0.29
0.21
0.23
0.3
0.28
0.31
0.38
0.38
0.33
0.26
0.39
0.35
0.21
0.22
0.34
0.34
0.33
0.33
0.29
0.4
0.32
0.22
0.37
0.27
0.34
0.28
0.3
0.41
0.37
0.26
0.34
0.62
0.67
0.25
0.38
0.39
0.34
0.39
0.57
0.41
0.33
0.48
0.47
0.47
0.47
0.31
0.3
0.43
0.3
0.29
0.32
0.32
0.41
0.33
0.34
0.32
0.39
0.32
0.3
0.31
0.26
0.41
0.25
0.27
0.31
0.38
0.21
0.24
0.34
0.26
0.36
0.36
0.23
0.25
0.34
0.23
0.27
0.32
0.27
0.32
0.37
0.29
0.34
0.28
0.21
0.36
0.39
0.37
0.29
0.44
0.25
0.32
0.28
0.38
0.34
0.32
0.27
0.27
0.39
0.23
0.42
0.28
0.21
0.24
0.17
0.39
0.39
0.19
0.31
0.17
0.37
0.24
0.22
0.13
0.38
0.35
0.4
0.26
0.38
0.28
0.35
0.25
0.29
0.19
0.26
0.21
0.38
0.36
0.31
0.23
0.25
0.35
0.32
0.29
0.15
0.26
0.34
0.15
0.21
0.19
0.27
0.3
0.33
0.35
0.33
0.28
0.48
0.22
0.26
0.34
0.29
0.4
0.27
0.3
0.29
0.34
0.26
0.43
0.11
0.28
0.29
0.21
0.17
0.32
0.28
0.33
0.26
0.45
0.21
0.49
0.26
0.42
0.37
0.3
0.39
0.2
0.26
0.35
0.25
0.18
0.35
0.21
0.15
0.28
0.36
0.34
0.29
0.53
0.29
0.38
0.41
0.42
0.14
0.31
0.28
0.3
0.32
0.35
0.37
0.18
0.35
0.37
0.39
0.29
0.45
0.28
0.32
0.32
0.18
0.33
0.39
0.26
0.41
0.4
0.38
0.45
0.31
0.25
0.35
0.32
0.25
0.32
0.36
0.23
0.38
0.36
0.33
0.29
0.38
0.33
0.34
0.28
0.29
0.35
0.38
0.32
0.24
0.34
0.34
0.29
0.3
0.22
0.35
0.31
0.31
0.22
0.36
0.31
0.41
0.37
0.23
0.24
0.3
0.35
0.31
0.39
0.34
0.33
0.24
0.45
0.32
0.3
0.29
0.34
0.31
0.34
0.31
0.37
0.29
0.26
0.45
0.31
0.27
0.39
0.29
0.21
0.31
0.31
0.28
0.39
0.35
0.31
0.3
0.31
0.33
0.29
0.27
0.35
0.29
0.34
0.31
0.3
0.33
0.47
0.37
0.34
0.32
0.38
0.25
0.34
0.26
0.32
0.16
0.34
0.61
0.22
0.42
0.39
0.27
0.28
0.37
0.29
0.31
0.45
0.32
0.29
0.37
0.31
0.44
0.3
0.28
0.24
0.4
0.3
0.34
0.24
0.37
0.43
0.42
0.3
0.34
0.27
0.31
0.35
0.32
0.3
0.23
0.3
0.28
0.33
0.18
0.36
0.27
0.37
0.33
0.35
0.3
0.27
0.35
0.32
0.31
0.32
0.29
0.34
0.27
0.38
0.37
0.36
0.34
0.39
0.28
0.38
0.44
0.43
0.33
0.4
0.31
0.32
0.29
0.37
0.23
0.25
0.4
0.27
0.3
0.29
0.34
0.24
0.2
0.23
0.27
0.36
0.28
0.36
0.31
0.29
0.3
0.22
0.25
0.48
0.39
0.28
0.35
0.17
0.17
0.31
0.31
0.22
0.31
0.28
0.39
0.26
0.35
0.21
0.3
0.27
0.31
0.37
0.31
0.44
0.34
0.3
0.5
0.34
0.32
0.28
0.4
0.2
0.33
0.22
0.39
0.28
0.3
0.31
0.37
0.21
0.38
0.3
0.28
0.33
0.32
0.21
0.35
0.33
0.3
0.38
0.26
0.36
0.42
0.33
0.4
0.34
0.38
0.41
0.3
0.19
0.28
0.35
0.29
0.35
0.22
0.32
0.27
0.37
0.27
0.15
0.34
0.37
0.27
0.36
0.34
0.39
0.22
0.37
0.42
0.26
0.28
0.34
0.3
0.27
0.31
0.43
0.35
0.25
0.31
0.31
0.25
0.43
0.19
0.49
0.31
0.37
0.42
0.3
0.38
0.49
0.27
0.33
0.3
0.34
0.27
0.51
0.26
0.5
0.25
0.33
0.38
0.39
0.28
0.34
0.33
0.26
0.4
0.43
0.37
0.37
0.32
0.33
0.39
0.4
0.28
0.26
0.37
0.26
0.42
0.31
0.3
0.22
0.38
0.61
0.34
0.26
0.34
0.46
0.38
0.27
0.33
0.32
0.35
0.34
0.36
0.34
0.39
0.27
0.29
0.29
0.4
0.37
0.31
0.31
0.31
0.38
0.29
0.41
0.29
0.4
0.47
0.51
0.36
0.28
0.38
0.39
0.27
0.41
0.42
0.32
0.27
0.37
0.38
0.44
0.32
0.35
0.3
0.39
0.28
0.38
0.3
0.28
0.28
0.25
0.36
0.31
0.25
0.42
0.22
0.41
0.35
0.39
0.37
0.38
0.27
0.22
0.36
0.3
0.31
0.31
0.3
0.31
0.31
0.2
0.3
0.35
0.26
0.28
0.35
0.4
0.3
0.36
0.32
0.23
0.31
0.29
0.4
0.29
0.33
0.38
0.37
0.32
0.3
0.37
0.15
0.34
0.26
0.28
0.39
0.14
0.22
0.35
0.3
0.41
0.16
0.35
0.32
0.34
0.39
0.3
0.25
0.19
0.25
0.32
0.52
0.2
0.39
0.3
0.47
0.38
0.27
0.19
0.31
0.31
0.27
0.29
0.41
0.37
0.27
0.28
0.26
0.38
0.24
0.25
0.39
0.32
0.29
0.28
0.35
0.28
0.43
0.26
0.27
0.35
0.29
0.27
0.26
0.32
0.34
0.36
0.3
0.34
0.32
0.26
0.38
0.29
0.29
0.34
0.18
0.23
0.19
0.3
0.3
0.2
0.34
0.37
0.36
0.25
0.28
0.29
0.22
0.23
0.28
0.45
0.38
0.44
0.34
0.33
0.5
0.32
0.4
0.31
0.21
0.32
0.44
0.37
0.33
0.27
0.42
0.49
0.33
0.37
0.31
0.42
0.35
0.27
0.4
0.27
0.39
0.39
0.34
0.31
0.38
0.43
0.33
0.34
0.32
0.46
0.3
0.33
0.45
0.29
0.34
0.4
0.35
0.33
0.38
0.42
0.32
0.42
0.39
0.36
0.49
0.27
0.32
0.32
0.28
0.31
0.27
0.22
0.28
0.43
0.32
0.4
0.53
0.33
0.41
0.3
0.39
0.41
0.07
0.43
0.57
0.35
0.33
0.33
0.37
0.4
0.43
0.34
0.32
0.38
0.24
0.35
0.39
0.36
0.39
0.3
0.32
0.31
0.29
0.3
0.27
0.23
0.33
0.31
0.33
0.33
0.3
0.32
0.33
0.34
0.27
0.29
0.35
0.35
0.32
0.4
0.34
0.41
0.45
0.25
0.26
0.47
0.35
0.4
0.46
0.3
0.36
0.32
0.3
0.39
0.28
0.31
0.31
0.31
0.4
0.25
0.26
0.3
0.32
0.34
0.29
0.28
0.29
0.27
0.3
0.26
0.29
0.29
0.18
0.33
0.34
0.33
0.28
0.36
0.32
0.29
0.32
0.17
0.25
0.26
0.32
0.3
0.36
0.36
0.26
0.31
0.22
0.22
0.25
0.49
0.32
0.45
0.3